com.silabs.cmsis.parser.support=2.0.0.202405151959-44
com.silabs.external.antlr=4.6.0
com.silabs.external.apache_mina=2.1.3
com.silabs.external.aws=5.0.0.202305192031-9
com.silabs.external.bouncycastle=1.66.0
com.silabs.external.commons_lang=3.9.0
com.silabs.external.java_pcap=1.9.11
com.silabs.external.jaxb=1.0.2.202305192032-7
com.silabs.external.jep=4.1.0.202312071615-25
com.silabs.external.jna=5.5.0
com.silabs.external.json=3.6.0.202306061442-50
com.silabs.external.luaj=3.0.2
com.silabs.external.networknt.jsonschemavalidator=1.1.0.202406072243-8
com.silabs.external.opentelemetry.api=1.22.0.202403181948-7
com.silabs.external.opentelemetry.sdk=1.22.0.202403182009-13
com.silabs.external.picocli=4.5.1
com.silabs.external.protobuf=3.11.4
com.silabs.external.silabs_pti=1.11.2
com.silabs.external.slf4j=1.7.26
com.silabs.external.snakeyaml=1.26.0
com.silabs.java.utils=7.1.0.202410081815-1811
com.silabs.ss.compatibility=1.2.0.202410081815-1811
com.silabs.ss.framework.project.core=8.0.0.202409131629-861
com.silabs.ss.framework.project.core.model=7.0.0.202409131629-861
com.silabs.ss.framework.project.generator.template=5.3.0.202409131629-861
com.silabs.ss.framework.project.templates.core=7.1.0.202409131629-861
com.silabs.ss.framework.project.toolchain.core=6.2.0.202409131629-861
com.silabs.ss.framework.uc.core=5.3.0.202410231956-792
com.silabs.ss.framework.uc.extension=5.2.0.202410231956-792
com.silabs.ss.mapping.compatibility=5.1.0.202410081815-1811
com.silabs.ss.platform.analytics.core=5.1.0.202410081815-1811
com.silabs.ss.platform.analytics.protocol=5.0.0.202410081815-1811
com.silabs.ss.platform.apack.core=8.1.0.202410081815-1811
com.silabs.ss.platform.apack.device=5.2.0.202410081815-1811
com.silabs.ss.platform.apack.ip=5.4.0.202410081815-1811
com.silabs.ss.platform.apack.usb=6.1.0.202410081815-1811
com.silabs.ss.platform.capability=5.2.0.202410081815-1811
com.silabs.ss.platform.content.board.core=6.1.0.202410081815-1811
com.silabs.ss.platform.content.core=8.0.0.202410081815-1811
com.silabs.ss.platform.content.kit.core=5.3.0.202410081815-1811
com.silabs.ss.platform.content.part.core=6.0.0.202410081815-1811
com.silabs.ss.platform.demos.core=5.6.0.202410081815-1811
com.silabs.ss.platform.descriptor.core=8.0.0.202410081815-1811
com.silabs.ss.platform.device.core=6.4.0.202410081815-1811
com.silabs.ss.platform.idemanager.core=6.3.0.202410081815-1811
com.silabs.ss.platform.installer.base=5.5.0.202410081815-1811
com.silabs.ss.platform.jetty.server=7.0.0.202410081815-1811
com.silabs.ss.platform.launcher.core=5.8.0.202410081815-1811
com.silabs.ss.platform.performance.recording=1.4.0.202410081815-1811
com.silabs.ss.platform.permissionsmanager.core=5.1.0.202410081815-1811
com.silabs.ss.platform.rcp.core=6.6.0.202410081815-1811
com.silabs.ss.platform.rcp.ui=6.4.0.202410081815-1811
com.silabs.ss.platform.repos.core=1.3.0.202410081815-1811
com.silabs.ss.platform.scripting.core=5.4.0.202410081815-1811
com.silabs.ss.platform.sdk.core=6.6.0.202410081815-1811
com.silabs.ss.platform.security.core=1.2.0.202410081815-1811
com.silabs.ss.support.jep=4.0.0.202312082250-44
com.silabs.ss.support.lua=4.0.0.202405152028-20
com.silabs.ss.support.mcu.cryptoprofile.core=4.3.0.202410081849-557
com.silabs.ss.support.mcu.part.core=7.9.0.202410081849-557
com.silabs.uc.cli.instrumented.configuration=1.0.0.202410231956-792
com.silabs.uc.cli.product=5.3.0.202410231956-792